1	15	40	.6	7	6	24	9	22
1	15	25	3	5	4	14	4	14
1	10	15	.4	1	2.5	5	3	5
1	15	26	1.8	3.4	1.5	9.5	1.5	7.5
1	10	15	.2	1	5	7.5	5	7.5
1	10	16	.4	1	3	8	4	9
1	9	15	.6	1.4	9.5	15.5	14.5	21.5
1	15	35	.4	2	2.5	10	5	14.5
1	9	10	0	1	2.5	3.5	3	4
1	15	20	.4	1	12.5	17.5	12.5	17.5
1	15	20	.4	2	7.5	15	10	20
1	10	25	1	5	10	20	10	25
1	14	18	.4	1.4	3	5	2.5	4
1	2	20	.2	2.6	1.5	6.5	4	-99
1	15	35	0	2	5	7.5	5	7.5
1	15	18	.2	1.2	0	2.5	0	2.5
1	25	35	1.6	3	10	25	15	25
1	10	11	2	3	2	5	0	.5
1	5	4	.6	.8	1	1.5	.5	1.5
1	10	15	.6	1.2	1.5	2.5	1.5	2.5
1	10	25	2	2.2	10	15	7.5	12.5
1	8	12	1.6	2.6	5	7.5	5	7.5
1	14	18	1	1.6	15	20	17.5	20
1	15	24	2	4	.5	3	7	12
1	15	22	.6	1	15	18	16	20
1	22	36	0	.2	0	.5	0	.5
1	20	30	2	3	10	15	10	15
1	35	50	.8	2	-99	-99	1.5	3
1	10	11	1	1.2	5	10	7.5	8
1	15	16	1	2	5	6	5	6
1	15	20	0	.2	0	.5	0	.5
1	20	21	1	1.2	0	.5	0	.5
1	15	20	.4	1.2	2	5	5	9
1	5	10	.6	1.6	1.5	2	1.5	2
1	20	30	1	3	4	7	3	6
1	0	0	.2	.2	0	0	2	.5
1	7	10	.2	1.2	2.5	3	3.5	4
1	11	25	1	2	5	18	5	15
1	10	20	2	3	1	6	2	4.5
1	1	2	.2	.4	0	0	.5	.5
1	8	15	.6	1.8	10	20	9	20.5
1	18	25	.6	1.4	5	12.5	5	10
1	10	15	.2	1	4	6	4	6
1	15	16	.6	1	2	3	3	4
1	10	15	.2	.6	.5	1	0	0
1	10	13	1	1.4	5	7.5	3	5
1	10	11	.8	1.4	5	10	6.5	11.5
1	12	13	1	1.2	1.5	2	2.5	3
1	10	11	.2	.4	.5	1	.5	1
1	20	30	.6	1.4	5	10	6	12
1	20	30	.8	3.6	5.5	14.5	5.5	14.5
1	15	18	.2	.4	2	3.5	1	2.5
1	20	28	1	2	7.5	18.5	5	10
1	12	20	.4	1	5	10	5	10
1	25	40	2.6	4.6	7.5	20	12.5	25
1	15	25	1	2	5.5	10	9.5	15
1	8	15	.6	1.6	2	5	1.5	5
1	20	25	2.6	5	5	8	10	17.5
1	10	20	.2	1	3	12.5	1.5	16.5
1	20	30	1	2	5	15	5	10
1	15	25	.6	1	2.5	5	5	7.5
1	15	25	4	8	5	12.5	10	15
1	10	15	1	3	1.5	6	1.5	6
1	20	25	1.2	2	10	14	9	12.5
1	7	28	.8	4.6	.5	1.5	1	3
1	10	11	.2	.4	3	4	3	4
1	15	25	1	2	5	10	5	10
1	10	50	.2	.6	5	25	5	25
1	10	30	.2	2.2	0	0	0	0
1	10	31	.8	2.4	2.5	8	1.5	4
1	15	25	.4	1.4	5	11.5	5	11
1	20	40	1	2	10	20	15	25
1	16	21	.6	1.2	0	3	0	4
1	10	20	.6	1.2	5	10	6	10
1	5	10	.2	.6	0	.5	0	.5
1	1	4	0	.4	1	2.5	0	2
1	10	11	.2	.4	.5	1	.5	1.5
1	10	20	.6	1.6	5	12.5	5	12.5
1	5	12	.8	2	3.5	7.5	6	10
1	9	15	.4	1	9	12.5	9	15
1	20	30	1	2	10	20	10	15
1	6	10	.2	1	0	.5	0	0
1	10	17	0	.2	0	1	0	1
1	15	20	1	2	3	7.5	2.5	7.5
1	9	20	2	5	10	14	10	14
1	8	15	1.8	3	7.5	15	7.5	15
1	15	50	1	10	2.5	25	2.5	25
1	15	20	1	2	7.5	10	2	7
1	15	20	1	1.6	15	25	15	20
1	20	30	1	2.2	2.5	2.5	5.5	7.5
1	10	19	.4	2	5	10	5	10
1	14	20	1	2	5	9	2	9
1	10	20	.2	1	2	7.5	2	7.5
1	15	22	.2	1	2	3	1.5	3
1	5	10	.2	1	.5	3.5	.5	5.5
1	15	30	1	3	7.5	15	8	15
2	5	3	.2	.4	.5	1	.5	1
2	15	10	2.4	1	4	2.5	4	2
2	13	10	.8	.2	2.5	.5	5	2
2	16	14	1	.8	7	5	7	5
2	10	10	10	3.2	7	8.5	5	-99
2	10	12	.6	.8	5	7.5	5	7.5
2	15	10	1	.8	2.5	2	3	2
2	20	12	.4	.2	2.5	1.5	2.5	2
2	20	10	.2	.2	2	1	5	1
2	10	8	1	.4	5	1	5	1
2	6	5	.4	.2	5	2	5	1.5
2	10	5	0	0	0	0	0	0
2	15	10	1	.4	3	1	5	2.5
2	20	15	.4	.2	1.5	1	1.5	.5
2	14	14	1	.6	5	4.5	5	5
2	20	10	0	0	0	0	0	0
2	10	4	.6	.2	7.5	3	10	5
2	19	10	1	.2	8.5	2	13	5
2	25	15	1	.2	15	10	20	10
2	10	5	.4	.2	10	5	10	5
2	15	10	.2	.2	5	4	7	6
2	12	9	1	.4	4.5	2.5	7.5	4.5
2	20	10	1	.2	10	1	10	1
2	15	10	.8	.4	5	2.5	5	2.5
2	20	15	1	.6	5	2.5	10	5
2	20	35	1.2	1.6	0	0	1.5	2
2	15	42	1.2	5	8	14	7	14
2	20	12	1	.6	5	3	6	3.5
2	10	5	1.4	.4	0	0	0	0
2	15	12	1	.2	4	.5	2.5	0
2	10	5	.4	0	1	0	1	0
2	8	8	1	1.2	5	4.5	6.5	7.5
2	12	12	.2	.2	1.5	1	2	1
2	15	9	1.4	.6	5	2.5	7	4
2	16	5	.8	.4	5	3	5	2
2	10	10	1.8	2.8	3	3.5	6	8.5
2	20	10	1	.4	10	3.5	12.5	9
2	20	15	.4	0	1.5	0	5	2
2	9	10	1	.4	.5	1	.5	0
2	20	15	2	1	10	5	10	5
2	14	4	1	0	2.5	.5	2	0
2	14	20	1	.2	-99	-99	7.5	5
2	20	10	.2	.2	2.5	.5	3	1
2	10	4	.4	.2	1	0	1	0
2	10	5	.2	0	1	1	1	1
2	25	15	2.2	1.4	7.5	5	12.5	7.5
2	12	9	-99	-99	0	0	.5	0
2	15	4	3	1	10	3.5	0	0
2	15	10	1.6	1	1.5	1	10	5
2	16	10	.4	.2	3.5	1	4	1.5
2	20	15	4	2.4	10.5	8	9.5	7
2	12	9	4	3	10	7.5	10	8
2	10	12	1	.8	4	2.5	2	2.5
2	10	11	.2	.2	1	1.5	1	1.5
2	15	10	1	.4	9.5	4.5	9.5	5
2	10	5	.6	.2	10	2	10	2
2	10	3	.2	0	1	.5	.5	0
2	5	10	.4	.6	4	5	9	10
2	8	4	.6	.2	5	1.5	4	.5
2	17	12	1.4	.8	10	5	15	12.5
2	15	15	2	2	5	5	5	5
2	10	15	1	2.6	10	15	10	15
2	20	7	.8	.2	12.5	5	9	4
2	20	5	1	.2	5	2.5	5	2.5
2	5	1	.8	1	5	2.5	5	2.5
2	10	7	1	1.4	10	10	5	6
2	16	7	1.8	1	7.5	3	5	2
2	10	10	0	0	0	0	0	0
2	12	10	.6	.4	2.5	1	3	1
2	15	10	1	.4	5	3	5	3
2	25	15	3.8	.4	11	4.5	11.5	9
2	15	8	.8	.2	5	0	2	0
2	6	0	.2	0	.5	0	.5	0
2	10	10	0	1	1.5	1.5	1.5	1.5
2	10	6	.8	.6	1.5	3	1	2.5
2	15	10	.4	.2	1.5	1	-99	-99
2	20	10	1	.4	10	5	15	5
2	5	5	.4	.4	.5	.5	1	1
2	15	10	2	1	0	0	4.5	2.5
2	15	12	1.8	1	24	18	25	18.5
2	22	19	1	.2	5	2.5	5	2.5
2	10	15	.4	.8	2.5	3.5	5	7.5
2	18	8	2.4	.6	10	5	10	5
2	0	0	0	0	0	0	0	0
2	20	21	5.6	3.8	11.5	9	13	10
2	15	11	1.6	.8	24.5	13.5	24.5	13
2	5	7	.4	.6	3	3.5	3.5	4
2	10	7	.6	.2	7.5	5	10	5
2	10	7	-99	-99	3	.5	3	1
2	6	3	.4	.2	5	2.5	6	3
2	10	15	1	2	2.5	5.5	2.5	4.5
3	15	5	1	.4	10	5	10	5
3	5	1	.2	0	5	3	7.5	5
3	15	6	.4	.2	5	1	5	1
3	15	5	0	0	1	0	1	0
3	10	6	1	.6	5	4.5	7	6
3	15	7	1	.4	10	5	10	4
3	15	5	1	.2	2	.5	2	.5
3	19	14	1	.4	10	5	10	5
3	10	6	.6	.2	2.5	.5	2.5	.5
3	10	1	.6	0	5	0	5	0
3	15	5	1	.4	10	5	12.5	7
3	14	5	.6	.4	5	3	7	4
3	10	5	1	.4	2.5	.5	3	.5
3	14	4	.6	.2	10	2.5	15	3
3	15	5	1	.2	10	2.5	10	2.5
3	15	8	1	.6	10	4	12	5
3	10	1	.2	0	5	.5	5	.5
3	12	1	.4	.2	5	2	7	2.5
3	10	5	.6	.2	2.5	0	2.5	0
3	25	10	1	0	10	5	10	5
3	10	5	2	1	10	5	10	5
3	15	3	8.6	1.6	6	2	9	1.5
3	5	5	.2	.2	0	0	0	0
3	29	10	1	.6	10	5	10	5
3	10	7	.6	.4	5	3.5	5	3.5
3	10	4	1	.2	5	.5	5	.5
3	15	5	0	0	0	0	0	0
3	10	5	1	.6	5	2	5	2
3	12	5	3	1.6	10	5	12.5	6
3	15	7	1	.4	10	5	20	10
3	20	10	.8	.4	5	2.5	8	5
3	10	5	1	.6	3.5	2.5	4	1.5
3	10	5	.2	0	2.5	.5	3.5	.5
3	10	5	1	.2	3	.5	5	2.5
3	15	9	.8	.2	4	1.5	4	1.5
3	15	5	1	.4	10	2.5	12.5	5
3	10	5	.4	.2	2.5	.5	5	2.5
3	27	11	4	1	8.5	1	10	2
3	15	5	1	.4	3.5	1	5	2
3	10	5	2.6	.2	10	5	10	5
3	15	5	1	.2	5	2	7.5	2.5
3	0	0	0	0	0	0	0	0
3	20	10	1	.4	10	2.5	10	2.5
3	20	10	1.4	.4	7.5	3.5	6	2
3	15	8	.8	0	8	2.5	7.5	2.5
3	10	5	1	.2	5	3	7.5	4
3	15	10	.2	0	0	0	0	0
3	30	10	.4	1	10	8	15	10
3	15	9	.8	.2	3.5	1	4.5	1
3	8	6	1	.6	5	2	7.5	5
3	15	8	.6	.2	5	2	5	2.5
3	17	12	2	.8	3.5	1.5	5	2.5
3	25	15	1.4	.6	10	5	10	5
3	15	9	.8	.2	2.5	.5	2.5	1
3	14	5	1	.4	2	.5	5	1
3	15	5	1	.4	9.5	4.5	12.5	4.5
3	20	5	1.6	.2	2.5	.5	3.5	.5
3	10	1	1	.2	3	1	4	1
3	10	5	.6	.2	2.5	1	2.5	1
3	10	6	.6	.2	5	2	6	2.5
3	20	15	.8	.6	10	7.5	12.5	10
3	7	4	1	.2	0	0	0	0
3	15	6	1	.2	10	2.5	12.5	3
3	8	1	.4	0	1	.5	.5	0
3	15	10	1	.2	5	2.5	5	2
3	15	7	.4	.2	0	0	0	0
3	10	3	.8	.2	10	2.5	12.5	2
3	15	9	.8	.4	10	7	12	9
3	5	0	.2	0	2.5	0	5.5	0
3	15	5	.8	.2	7.5	.5	7.5	.5
3	10	1	1	0	2.5	.5	5	1
3	15	5	1	.2	3	1	3	1
3	15	5	1	.2	7	2	9	3
3	14	4	.8	.2	5	2	8.5	4
3	9	3	3.6	1.2	3.5	1	5.5	1.5
3	12	5	1	.2	15	5	20	10
3	12	5	1	.2	8	4	8	4
3	20	1	1	.2	10	0	15.5	.5
3	15	1	.6	.2	3	2	3.5	1.5
3	18	9	.8	0	12.5	2.5	12.5	2.5
3	16	10	2	1	10	7.5	8	7.5
3	15	10	1	.6	8	5	10	5
3	10	5	.6	.2	2.5	1	3	1.5
3	19	28	2	.6	9.5	4	12.5	5
3	20	5	1	.2	10	5	10	5
3	10	6	.4	.2	4.5	3	7	4.5
3	15	5	.2	0	5	1	7	1.5
3	19	9	1	0	2.5	.5	5	1
3	10	7	.6	.2	0	0	0	0
3	5	3	.2	0	10	2.5	14	10
3	5	2	2.2	.4	1.5	0	2.5	.5
3	15	10	1	.4	10	5	12.5	6
3	0	5	.6	.4	5	2.5	8	5
3	12	9	.8	.4	5	3	5	3
3	15	5	2	.8	10	5	15	5
3	10	4	.6	.2	3.5	2	6	3
3	17	5	0	0	5	0	7.5	0
3	15	7	1	.2	7	3.5	7	3.5
3	13	12	1	.8	9	8	10	9.5
3	12	7	1	.4	8	4	10	5
3	11	5	.6	.2	4	0	4	.5
3	15	7	5.6	3	5	1	8	2
3	10	5	0	0	0	0	0	0
3	8	3	1.6	.2	20	9	22	11.5
3	12	6	2	.6	10	2.5	15	5
3	15	10	1	0	10	2.5	12.5	5
3	10	5	10	5.6	10	5	10	5
3	10	4	1	.6	9.5	5	8	4
3	20	5	1	0	10	2	10	2
3	20	10	1	.4	7	3.5	10	5
3	15	5	.4	.2	2.5	1	2.5	1.5
4	10	15	.8	1.6	3	5	5	7.5
4	15	16	1	1.2	2.5	3	2	2.5
4	15	30	1	2	5	10	5	10
4	10	18	.6	1.2	6	18	9	20.5
4	15	20	.6	4	7.5	15	7.5	15
4	10	21	0	.8	2.5	5	3	5
4	15	25	1	2	5	10	7.5	12.5
4	10	12	.2	1	0	1	0	2.5
4	10	11	1	1.2	5	5.5	5	5.5
4	15	25	1	2	10	20	10	20
4	15	20	.4	.8	2	3.5	2	5
4	10	16	.6	.8	0	.5	1	1.5
4	10	17	.8	1.4	5	7.5	7.5	10
4	15	20	.4	1	4.5	7.5	5	8
4	9	15	.2	1.6	5	10	2.5	7.5
4	15	30	.2	.8	2	10	2.5	10
4	15	20	1	2	10	15	10	15
4	4	3	1.6	2	4.5	4.5	3	3
4	15	25	1	2	10	15	10	15
4	15	20	.6	1	6	10	7.5	12.5
4	15	20	.4	1	3	10	.5	1
4	1	1	.2	.2	0	0	0	0
4	12	15	1	1.6	5	6	5	6
4	10	20	.8	1.4	4	11	4	11
4	15	25	.6	1.4	5	10	5	10
4	5	12	0	1	0	2.5	0	2.5
4	13	22	.4	1	0	.5	0	.5
4	17	6	3	1.2	4.5	5	5.5	9
4	10	20	.2	.6	3.5	7	3.5	7
4	15	25	1	3	7.5	12.5	5	8
4	15	40	2	5	1.5	4	1	3
4	8	12	.2	.8	2	5	2	5
4	14	25	1.2	2	5	7	7	8
4	25	34	5	10	7.5	13	17	25
4	15	25	2.6	3.6	9.5	15	12.5	18.5
4	15	50	.4	1	5	25	0	25
4	5	10	.2	1	.5	1.5	.5	1.5
4	15	18	1	3	0	.5	0	1
4	15	18	.6	1.2	5	8	5	8
4	10	20	.4	1.2	3.5	10	4.5	12.5
4	15	20	2	4	3.5	8	1.5	5
4	15	22	1	2	7.5	15	10	20
4	9	25	.8	2	5	10	10	15
4	12	25	.6	2	5	13.5	5.5	14.5
4	15	25	2	3	10	25	10	25
4	0	1	0	.2	0	.5	0	.5
4	8	18	.6	1.4	10	13	10	13
4	15	25	1	2	5	15	10	20
4	10	25	.2	2	5	15	7.5	20
4	10	20	1	3	0	10	0	10
4	3	5	2.4	3.6	3	4	2.5	4.5
4	6	11	4	10	10	19.5	13	24
4	15	20	0	.2	0	.5	0	.5
4	7	12	.6	1.2	5	10	5	10
4	5	10	.4	2	5	10	2	5
4	15	30	1	2.4	0	2.5	0	2.5
4	10	28	1	1.2	10	11	9.5	10.5
4	20	30	.4	1	2.5	10	2.5	10
4	14	18	1	1.6	3	14	3.5	10
4	20	25	.2	1	5	10	5	10
4	17	10	.8	.4	7.5	15	7.5	15
4	1	3	1.4	1.6	1	7	3.5	4
4	15	28	.2	4.8	0	0	0	13
4	10	20	1	5	10	20	10	20
4	15	30	.6	2	15	25	15.5	25
4	15	25	1	2	5	10	7.5	14
4	8	25	.8	2	8	12	10	15
4	10	16	.4	3.6	2.5	9	1.5	9
4	10	15	.8	1.4	5	7.5	7.5	10
4	15	25	.8	2	5	15	10	15
4	5	10	.4	1.2	3.5	6.5	3	7.5
4	10	15	1	2	3.5	5	4	5.5
4	12	16	.6	1.8	10	14	12	15
4	10	14	.2	.4	1	2	.5	2
4	18	21	1.2	2	2	4	2.5	4
4	30	50	1	2	8	10	8	10
4	10	20	1	1.8	5	9	7.5	10
4	25	50	1.8	5.6	0	4	1.5	13.5
4	14	20	2	3.6	3.5	10	3	10
4	20	30	1	2	10	20	12.5	20
4	15	19	1	3	9	14	8.5	13
4	50	50	0	.2	0	0	0	0
4	10	11	.2	.4	0	.5	1	1.5
4	15	25	2	4	10	15	10	15
4	15	20	1	2	2	7.5	2	7.5
4	15	20	2.6	3.4	5.5	20	5	18.5
4	14	22	.4	1.6	2	6	6	10
4	10	19	1	2	5	15	7	15
4	25	30	.4	.6	7.5	8	7.5	8
4	23	48	.8	4	8	13	10	13.5
4	9	16	.8	1.2	3	3.5	3.5	4.5
4	17	9	-99	-99	3	1	6	2.5
4	15	17	1	1.2	5	11	5	10.5
4	20	30	1.4	2	5	15	6	15.5
4	15	25	.8	1.6	2	6	2.5	6
4	2	6	.2	.4	2	5	2.5	5.5
4	12	17	.6	1.2	10	10.5	4.5	7
4	10	14	2.2	3.6	0	.5	0	.5
4	12	25	.6	2	2.5	5	2.5	5
4	19	25	.6	.8	2.5	4.5	2.5	4.5
4	10	20	.2	.4	.5	2	1	3
